Q1: 76047.19578054463
Q2: [78496.18922226882, 64.2830186993766]
Q3: 79035.51797861399
Q4: [84136.00622557932, 92.18024177978215]
Q5: [0.79, 0.8848920863309353]
Q6: [0.8879310344827587, 0.8695652173913043]
Q7: 0.9568345323741008
Q8: [0.8793103448275862, 0.6521739130434783]
Q9: [0.935251798561151, 0.639344262295082]
