{
    'Q1': 0.695,
    'Q2': [0.7204968944099379, 0.5897435897435898],
    'Q3': 1.2014906832298136,
    'Q4': [0.8879310344827587, 0.8695652173913043, 0.4666666666666667, 0.3125],
    'Q5': [0.8306451612903226, 0.8, 0.6486486486486487, 0.7857142857142857],
    'Q6': [19, 0.32240286162833937],
    'Q7': 1.10351966873706,
    'Q8': [0.4925768384394524, 0.22529350212751506],
    'Q9': [22, 2, 22, 2]
}